name: my_env
channels:
  - conda-forge
  - defaults
dependencies:
  - brotli=1.1.0=hcfcfb64_1
  - brotli-bin=1.1.0=hcfcfb64_1
  - bzip2=1.0.8=hcfcfb64_5
  - ca-certificates=2023.11.17=h56e8100_0
  - certifi=2023.11.17=pyhd8ed1ab_0
  - cycler=0.12.1=pyhd8ed1ab_0
  - fonttools=4.45.1=py38h91455d4_0
  - freetype=2.12.1=hdaf720e_2
  - icu=73.2=h63175ca_0
  - intel-openmp=2023.2.0=h57928b3_50497
  - jpeg=9e=hcfcfb64_3
  - kiwisolver=1.4.5=py38hb1fd069_1
  - krb5=1.20.1=heb0366b_0
  - lerc=3.0=hd77b12b_0
  - libblas=3.9.0=20_win64_mkl
  - libbrotlicommon=1.1.0=hcfcfb64_1
  - libbrotlidec=1.1.0=hcfcfb64_1
  - libbrotlienc=1.1.0=hcfcfb64_1
  - libcblas=3.9.0=20_win64_mkl
  - libclang=14.0.6=default_hb5a9fac_1
  - libclang13=14.0.6=default_h8e68704_1
  - libdeflate=1.17=h2bbff1b_1
  - libffi=3.4.2=h8ffe710_5
  - libhwloc=2.9.3=default_haede6df_1009
  - libiconv=1.17=h8ffe710_0
  - liblapack=3.9.0=20_win64_mkl
  - libpng=1.6.39=h19919ed_0
  - libpq=12.15=h906ac69_1
  - libsqlite=3.44.2=hcfcfb64_0
  - libtiff=4.5.1=hd77b12b_0
  - libwebp=1.3.2=hcfcfb64_1
  - libwebp-base=1.3.2=hcfcfb64_0
  - libxml2=2.11.6=hc3477c8_0
  - libzlib=1.2.13=hcfcfb64_5
  - matplotlib=3.5.3=py38haa244fe_2
  - matplotlib-base=3.5.3=py38h3268a40_2
  - mkl=2023.2.0=h6a75c08_50497
  - munkres=1.1.4=pyh9f0ad1d_0
  - numpy=1.24.4=py38h1d91fd2_0
  - openjpeg=2.5.0=ha2aaf27_2
  - openssl=3.2.0=hcfcfb64_1
  - packaging=23.2=pyhd8ed1ab_0
  - pandas=2.0.3=py38hf08cf0d_1
  - pillow=10.0.1=py38h045eedc_0
  - pip=23.3.1=pyhd8ed1ab_0
  - ply=3.11=py_1
  - pthreads-win32=2.9.1=hfa6e2cd_3
  - pyparsing=3.1.1=pyhd8ed1ab_0
  - pyqt=5.15.10=py38hd77b12b_0
  - pyqt5-sip=12.13.0=py38h2bbff1b_0
  - python=3.8.18=h4de0772_0_cpython
  - python-dateutil=2.8.2=pyhd8ed1ab_0
  - python-tzdata=2023.3=pyhd8ed1ab_0
  - python_abi=3.8=4_cp38
  - pytz=2023.3.post1=pyhd8ed1ab_0
  - qt-main=5.15.2=h19c9488_10
  - setuptools=68.2.2=pyhd8ed1ab_0
  - sip=6.7.12=py38hd3f51b4_0
  - six=1.16.0=pyh6c4a22f_0
  - sqlite=3.44.2=hcfcfb64_0
  - tbb=2021.10.0=h91493d7_2
  - tk=8.6.13=h5226925_1
  - tomli=2.0.1=pyhd8ed1ab_0
  - tornado=6.3.3=py38h91455d4_1
  - ucrt=10.0.22621.0=h57928b3_0
  - unicodedata2=15.1.0=py38h91455d4_0
  - vc=14.3=h64f974e_17
  - vc14_runtime=14.36.32532=hdcecf7f_17
  - vs2015_runtime=14.36.32532=h05e6639_17
  - wheel=0.42.0=pyhd8ed1ab_0
  - xz=5.4.2=h8cc25b3_0
  - zlib=1.2.13=hcfcfb64_5
  - zstd=1.5.5=h12be248_0
prefix: C:\Users\ewaja\miniconda3\envs\my_env
